0 7.23607
0.0166667 4.94922
0.0333333 -1.83415
0.05 -2.35114
0.0666667 9.83414
0.0833333 -0.246919
0.1 0.763917
0.116667 0.246948
0.133333 4.63798
0.15 2.35115
0.166667 3.362
0.183333 -4.9492
0.2 7.23602
0.216667 4.94927
0.233333 -1.83416
0.25 -2.35114
0.266667 9.83412
0.283333 -0.246901
0.3 0.763916
0.316667 0.24694
0.333333 4.63799
0.35 2.35113
0.366667 3.36201
0.383333 -4.94923
0.4 7.23612
0.416667 4.94916
0.433333 -1.83413
0.45 -2.35114
0.466667 9.8342
0.483334 -0.247044
0.5 0.763993
0.516667 0.246905
0.533333 4.63802
0.55 2.35113
0.566667 3.36201
0.583333 -4.94921
0.6 7.23602
