0 0
0.000277778 0.321394
0.000555556 -0.492405
0.000833333 0.433013
0.00111111 -0.17101
0.00138889 -0.17101
0.00166667 0.433012
0.00194444 -0.492401
0.00222222 0.32139
0.0025 5.22872e-06
0.00277778 -0.321399
0.00305556 0.492408
0.00333333 -0.433015
0.00361111 0.171011
0.00388889 0.171009
0.00416667 -0.43301
0.00444444 0.492398
0.00472222 -0.321385
0.005 -1.04574e-05
0.00527778 0.321404
0.00555556 -0.492411
0.00583333 0.433017
0.00611111 -0.171012
0.00638889 -0.171008
0.00666667 0.433008
0.00694444 -0.492395
0.00722222 0.32138
0.0075 1.56862e-05
0.00777778 -0.321408
0.00805556 0.492415
0.00833333 -0.433019
0.00861111 0.171013
0.00888889 0.171007
0.00916667 -0.433006
0.00944444 0.492391
0.00972222 -0.321376
0.01 -2.09149e-05
0.0102778 0.321413
0.0105556 -0.492418
0.0108333 0.43302
0.0111111 -0.171014
0.0113889 -0.171006
0.0116667 0.433004
0.0119444 -0.492388
0.0122222 0.321371
0.0125 2.61436e-05
0.0127778 -0.321418
0.0130556 0.492421
0.0133333 -0.433022
0.0136111 0.171014
0.0138889 0.171006
0.0141667 -0.433003
0.0144444 0.492385
0.0147222 -0.321366
0.015 -3.13723e-05
0.0152778 0.321422
0.0155556 -0.492425
0.0158333 0.433024
0.0161111 -0.171015
0.0163889 -0.171005
0.0166667 0.433001
0.0169444 -0.492381
0.0172222 0.321361
0.0175 3.6601e-05
0.0177778 -0.321427
0.0180556 0.492428
0.0183333 -0.433026
0.0186111 0.171016
0.0188889 0.171004
0.0191667 -0.432999
0.0194444 0.492378
0.0197222 -0.321357
0.02 -4.18297e-05
0.0202778 0.321432
0.0205556 -0.492431
0.0208333 0.433028
0.0211111 -0.171017
0.0213889 -0.171003
0.0216667 0.432997
0.0219444 -0.492375
0.0222222 0.321352
0.0225 4.70585e-05
0.0227778 -0.321437
0.0230556 0.492435
0.0233333 -0.433029
0.0236111 0.171018
0.0238889 0.171003
0.0241667 -0.432995
0.0244444 0.492371
0.0247222 -0.321347
0.025 -5.22872e-05
0.0252778 0.321441
0.0255556 -0.492438
0.0258333 0.433031
0.0261111 -0.171018
0.0263889 -0.171002
0.0266667 0.432994
0.0269444 -0.492368
0.0272222 0.321343
0.0275 5.75159e-05
0.0277778 -0.321446
